BEST SOLUTION FOUND SO FAR IS NO ALTIMETER, SIGMA = 10 for the outdoor flow bundle. 





[t=003.403s] Processing event:Jz= 

           1            0            0            0            0            0            0            0            0            0            0            0            1            0            0            0            0            0
           0            1            0            0            0            0            0            0            0            0            0            0            0            1            0            0            0            0
           0            0            1            0            0            0            0            0            0            0            0            0            0            0            1            0            0            0
           0            0            0            1            0            0            0            0            0            0            0            0            0            0            0            1            0            0
           0            0            0            0            1            0            0            0            0            0            0            0            0            0            0            0            1            0
           0            0            0            0            0            1            0            0            0            0            0            0            0            0            0            0            0            1
    0.199715 -8.51146e-05    0.0139307   0.00564396    0.0140828    0.0817612            1            0            0    0.0563692   -0.0184452     0.822964    0.0998589 -3.78792e-05   0.00694273   0.00188154   0.00476136    0.0272388
  0.00278217     0.196404   -0.0386906    0.0263594  2.88295e-05   0.00026067            0            1            0     0.261351 -0.000191529   -0.0152201   0.00139938     0.098153   -0.0195937   0.00881945  8.86028e-06  8.39116e-05
  -0.0136503    0.0387904     0.195929    0.0780471    0.0269209  0.000195054            0            0            1     0.780305     0.261666            0  -0.00680032    0.0196436    0.0979171    0.0260053    0.0090038  2.91833e-05
           0            0            0      0.20019   0.00270528    0.0134114            0            0            0     0.999898  0.000498234            0            0            0            0     0.100097   0.00135663   0.00667948
           0            0            0 -4.92641e-05     0.196386   -0.0388842            0            0            0 -0.000495917            1            0            0            0            0 -1.63584e-05    0.0981437   -0.0196901
           0            0            0 -0.000149781    0.0389728     0.196834            0            0            0  -0.00149506  3.36002e-05            1            0            0            0 -4.99477e-05    0.0197351    0.0983676 

MAX JZ: 



           1            0            0            0            0            0            0            0            0            0            0            0            1            0            0            0            0            0
           0            1            0            0            0            0            0            0            0            0            0            0            0            1            0            0            0            0
           0            0            1            0            0            0            0            0            0            0            0            0            0            0            1            0            0            0
           0            0            0            1            0            0            0            0            0            0            0            0            0            0            0            1            0            0
           0            0            0            0            1            0            0            0            0            0            0            0            0            0            0            0            1            0
           0            0            0            0            0            1            0            0            0            0            0            0            0            0            0            0            0            1
   0.0864866     0.142665 -0.000242572   0.00780435  -0.00453924     0.105821            1            0            0    0.0935921   -0.0420291      1.27044    0.0432277    0.0713421 -0.000112019   0.00260098  -0.00151665    0.0352761
    -0.14263    0.0864713   0.00357319   0.00475337   0.00514238    0.0652535            0            1            0     0.057054    0.0692095     0.782857   -0.0713245    0.0432198   0.00178808   0.00158347   0.00171297    0.0217474
   0.0031813  -0.00164497     0.166795  0.000835919    -0.124471  -0.00123109            0            0            1   0.00970401     -1.49224            0    0.0015873 -0.000830827    0.0833974  0.000283047   -0.0414903 -0.000414585
           0            0            0     0.166833 -7.86507e-05  -0.00318279            0            0            0     0.999994  -0.00131905            0            0            0            0    0.0834165 -2.08617e-05  -0.00158786
           0            0            0  0.000109993     0.166825   0.00164317            0            0            0   0.00131857     0.999999            0            0            0            0  3.66646e-05    0.0834125  0.000830278
           0            0            0  2.23146e-05  -0.00164348     0.166855            0            0            0  0.000267382  2.49763e-05            1            0            0            0  7.43995e-06 -0.000830432    0.0834275

           J= 
           1            0            0            0            0            0            0            0            0            0            0            0            0            0            0            0            0            0            1            0            0            0            0            0
           0            1            0            0            0            0            0            0            0            0            0            0            0            0            0            0            0            0            0            1            0            0            0            0
           0            0            1            0            0            0            0            0            0            0            0            0            0            0            0            0            0            0            0            0            1            0            0            0
           0            0            0            1            0            0            0            0            0            0            0            0            0            0            0            0            0            0            0            0            0            1            0            0
           0            0            0            0            1            0            0            0            0            0            0            0            0            0            0            0            0            0            0            0            0            0            1            0
           0            0            0            0            0            1            0            0            0            0            0            0            0            0            0            0            0            0            0            0            0            0            0            1
    0.199715 -8.51146e-05    0.0139307   0.00564396    0.0140828    0.0817612            1            0            0    0.0563692   -0.0184452     0.822964            0            0            0            0            0            0    0.0998589 -3.78792e-05   0.00694273   0.00188154   0.00476136    0.0272388
  0.00278217     0.196404   -0.0386906    0.0263594  2.88295e-05   0.00026067            0            1            0     0.261351 -0.000191529   -0.0152201            0            0            0            0            0            0   0.00139938     0.098153   -0.0195937   0.00881945  8.86028e-06  8.39116e-05
  -0.0136503    0.0387904     0.195929    0.0780471    0.0269209  0.000195054            0            0            1     0.780305     0.261666            0            0            0            0            0            0            0  -0.00680032    0.0196436    0.0979171    0.0260053    0.0090038  2.91833e-05
           0            0            0      0.20019   0.00270528    0.0134114            0            0            0     0.999898  0.000498234            0            0            0            0            0            0            0            0            0            0     0.100097   0.00135663   0.00667948
           0            0            0 -4.92641e-05     0.196386   -0.0388842            0            0            0 -0.000495917            1            0            0            0            0            0            0            0            0            0            0 -1.63584e-05    0.0981437   -0.0196901
           0            0            0 -0.000149781    0.0389728     0.196834            0            0            0  -0.00149506  3.36002e-05            1            0            0            0            0            0            0            0            0            0 -4.99477e-05    0.0197351    0.0983676
           0            0            0            0            0            0            1            0            0            0            0            0            0            0            0            0            0            0            0            0            0            0            0            0
           0            0            0            0            0            0            0            1            0            0            0            0            0            0            0            0            0            0            0            0            0            0            0            0
           0            0            0            0            0            0            0            0            1            0            0            0            0            0            0            0            0            0            0            0            0            0            0            0
           0            0            0            0            0            0            0            0            0            1            0            0            0            0            0            0            0            0            0            0            0            0            0            0
           0            0            0            0            0            0            0            0            0            0            1            0            0            0            0            0            0            0            0            0            0            0            0            0
           0            0            0            0            0            0            0            0            0            0            0            1            0            0            0            0            0            0            0            0            0            0            0            0